,Employee ID,Survey Date,Engagement Score,Satisfaction Score,Work-Life Balance Score
0,1001,10-10-2022,2,5,5
1,1002,03-08-2023,4,5,3
2,1003,03-01-2023,2,5,2
3,1004,30-07-2023,3,5,3
4,1005,19-06-2023,2,4,5
5,1006,03-05-2023,5,2,1
6,1007,18-07-2023,2,1,5
7,1008,21-06-2023,5,2,2
8,1009,06-06-2023,2,5,1
9,1010,15-09-2022,2,4,2
10,1011,08-12-2022,1,2,3
11,1012,13-01-2023,3,5,4
12,1013,13-12-2022,5,4,3
13,1014,28-06-2023,4,4,1
14,1015,11-07-2023,1,1,3
15,1016,09-12-2022,2,3,2
16,1017,16-07-2023,4,1,3
17,1018,21-06-2023,4,1,4
18,1019,21-06-2023,1,3,5
19,1020,01-08-2023,2,1,2
20,1021,09-03-2023,5,1,4
21,1022,12-02-2023,1,4,4
22,1023,17-01-2023,4,4,3
23,1024,12-10-2022,5,3,1
24,1025,24-01-2023,4,1,4
25,1026,09-10-2022,5,2,5
26,1027,05-04-2023,2,3,5
27,1028,26-03-2023,5,5,4
28,1029,07-11-2022,3,5,4
29,1030,03-01-2023,4,4,1
30,1031,27-02-2023,5,3,2
31,1032,22-05-2023,5,4,4
32,1033,02-07-2023,3,1,3
33,1034,09-07-2023,2,5,1
34,1035,19-07-2023,1,5,5
35,1036,09-08-2022,5,2,1
36,1037,25-11-2022,5,1,4
37,1038,10-03-2023,5,1,2
38,1039,03-12-2022,2,4,5
39,1040,27-09-2022,5,3,1
40,1041,19-01-2023,3,1,4
41,1042,17-02-2023,1,3,4
42,1043,25-02-2023,1,1,3
43,1044,26-11-2022,2,4,5
44,1045,08-08-2022,1,4,1
45,1046,18-02-2023,3,5,4
46,1047,12-05-2023,4,2,3
47,1048,19-10-2022,3,1,4
48,1049,27-07-2023,3,5,2
49,1050,03-07-2023,4,5,1
50,1051,01-01-2023,2,4,5
51,1052,19-11-2022,1,4,4
52,1053,12-10-2022,2,1,4
53,1054,05-07-2023,1,5,2
54,1055,23-09-2022,3,4,1
55,1056,17-01-2023,4,2,2
56,1057,12-03-2023,3,2,5
57,1058,06-03-2023,4,2,1
58,1059,29-03-2023,4,3,3
59,1060,01-07-2023,5,5,4
60,1061,05-02-2023,3,3,1
61,1062,03-01-2023,3,2,1
62,1063,25-07-2023,5,2,4
63,1064,14-12-2022,5,4,4
64,1065,20-01-2023,5,3,4
65,1066,15-07-2023,4,3,5
66,1067,10-06-2023,3,2,5
67,1068,09-10-2022,3,2,2
68,1069,04-02-2023,3,1,2
69,1070,05-03-2023,3,1,2
70,1071,15-05-2023,1,2,2
71,1072,18-02-2023,2,2,3
72,1073,16-02-2023,4,4,2
73,1074,10-02-2023,3,4,1
74,1075,10-04-2023,1,2,3
75,1076,11-04-2023,1,3,1
76,1077,12-10-2022,5,2,4
77,1078,28-07-2023,3,3,4
78,1079,08-10-2022,2,2,1
79,1080,04-03-2023,3,1,3
80,1081,03-03-2023,1,3,3
81,1082,27-02-2023,1,4,1
82,1083,09-01-2023,5,5,3
83,1084,19-02-2023,1,2,4
84,1085,09-01-2023,5,5,3
85,1086,14-03-2023,1,1,5
86,1087,03-05-2023,1,5,2
87,1088,20-04-2023,4,3,1
88,1089,19-04-2023,3,1,5
89,1090,16-05-2023,4,3,4
90,1091,22-04-2023,2,4,3
91,1092,08-03-2023,1,4,1
92,1093,05-03-2023,3,1,4
93,1094,22-01-2023,5,4,5
94,1095,17-03-2023,1,2,1
95,1096,17-12-2022,1,3,2
96,1097,31-10-2022,1,2,5
97,1098,28-12-2022,2,2,2
98,1099,04-08-2023,1,5,5
99,1100,10-09-2022,1,4,5
100,1101,21-03-2023,1,1,3
101,1102,02-03-2023,5,1,4
102,1103,06-11-2022,5,3,1
103,1104,21-12-2022,1,4,2
104,1105,15-02-2023,1,4,1
105,1106,31-01-2023,2,3,3
106,1107,18-10-2022,4,5,1
107,1108,24-07-2023,4,5,3
108,1109,16-10-2022,4,5,4
109,1110,23-02-2023,1,1,4
110,1111,11-05-2023,4,1,1
111,1112,06-07-2023,4,1,1
112,1113,09-04-2023,3,3,5
113,1114,03-03-2023,1,3,3
114,1115,11-03-2023,4,1,3
115,1116,16-12-2022,3,4,4
116,1117,29-07-2023,4,5,1
117,1118,22-02-2023,1,5,3
118,1119,16-04-2023,4,4,5
119,1120,05-06-2023,3,3,4
120,1121,21-01-2023,1,1,4
121,1122,04-12-2022,2,1,2
122,1123,10-06-2023,2,3,1
123,1124,27-02-2023,3,2,3
124,1125,17-03-2023,4,3,4
125,1126,23-04-2023,3,3,2
126,1127,27-01-2023,5,1,3
127,1128,18-02-2023,4,2,4
128,1129,31-10-2022,1,1,1
129,1130,07-05-2023,1,5,4
130,1131,11-05-2023,4,4,4
131,1132,15-07-2023,1,5,5
132,1133,15-06-2023,1,2,4
133,1134,29-12-2022,4,1,2
134,1135,23-02-2023,5,4,4
135,1136,09-04-2023,2,5,2
136,1137,12-11-2022,3,3,5
137,1138,19-10-2022,4,5,1
138,1139,27-08-2022,2,4,2
139,1140,04-05-2023,5,3,2
140,1141,26-12-2022,5,5,2
141,1142,21-06-2023,4,4,4
142,1143,13-12-2022,2,4,2
143,1144,03-11-2022,5,3,2
144,1145,24-10-2022,3,3,4
145,1146,21-09-2022,3,2,2
146,1147,19-03-2023,1,3,5
147,1148,02-04-2023,4,1,3
148,1149,03-11-2022,3,2,5
149,1150,28-12-2022,3,4,4
150,1151,12-12-2022,5,3,1
151,1152,14-12-2022,1,1,5
152,1153,28-02-2023,3,4,2
153,1154,09-06-2023,1,3,2
154,1155,25-08-2022,2,3,1
155,1156,12-05-2023,1,5,2
156,1157,06-06-2023,1,4,2
157,1158,17-03-2023,2,4,4
158,1159,18-02-2023,1,2,4
159,1160,20-08-2022,4,2,3
160,1161,09-04-2023,3,4,4
161,1162,05-10-2022,3,3,2
162,1163,14-12-2022,1,2,3
163,1164,23-10-2022,5,5,5
164,1165,09-01-2023,3,3,1
165,1166,27-02-2023,2,1,4
166,1167,22-05-2023,2,3,4
167,1168,28-08-2022,2,2,2
168,1169,03-08-2023,1,3,2
169,1170,05-02-2023,1,5,4
170,1171,24-06-2023,4,1,4
171,1172,19-06-2023,1,3,2
172,1173,16-06-2023,5,5,2
173,1174,06-03-2023,2,1,5
174,1175,22-04-2023,2,1,2
175,1176,17-10-2022,2,2,5
176,1177,12-08-2022,2,2,5
177,1178,03-05-2023,2,1,2
178,1179,10-07-2023,3,5,1
179,1180,15-05-2023,4,3,1
180,1181,05-07-2023,5,5,4
181,1182,25-08-2022,2,4,5
182,1183,07-03-2023,4,5,5
183,1184,03-10-2022,1,3,1
184,1185,13-08-2022,1,2,4
185,1186,12-05-2023,3,3,5
186,1187,19-11-2022,4,1,1
187,1188,16-07-2023,4,1,1
188,1189,19-07-2023,5,5,3
189,1190,07-04-2023,2,5,3
190,1191,13-07-2023,4,4,4
191,1192,24-12-2022,3,1,1
192,1193,15-08-2022,5,2,3
193,1194,04-12-2022,5,4,2
194,1195,30-01-2023,5,3,2
195,1196,02-06-2023,4,5,4
196,1197,09-11-2022,3,5,4
197,1198,12-12-2022,3,2,2
198,1199,27-06-2023,3,3,3
199,1200,19-04-2023,4,5,1
